1.0 0.92 1.0 0.4403368133233904 0.18062024309894353 1.0 0.1111111111111111 0.5 0.2222222222222222 0.0 1.0
1.0 0.27230769230769225 0.0 0.4403368133233904 0.18062024309894353 1.0 0.1111111111111111 0.5 0.2222222222222222 0.0 1.0
1.0 0.27230769230769225 1.0 0.4403368133233904 0.18062024309894353 1.0 0.1111111111111111 0.5 0.2222222222222222 0.0 1.0
1.0 0.27230769230769225 0.0 0.4403368133233904 0.18062024309894353 0.0 0.1111111111111111 0.5 0.2222222222222222 0.0 1.0
1.0 0.27230769230769225 0.0 0.4403368133233904 0.18062024309894353 0.0 0.1111111111111111 0.5 0.2222222222222222 0.0 1.0
1.0 0.92 1.0 0.35972377578921205 0.3031352947858684 1.0 0.2222222222222222 0.5714285714285714 0.2222222222222222 0.0 1.0
0.0 0.7980769230769231 0.0 0.35972377578921205 0.3031352947858684 0.0 0.2222222222222222 0.5714285714285714 0.2222222222222222 0.0 1.0
1.0 0.27230769230769225 0.0 0.35972377578921205 0.3031352947858684 0.0 0.2222222222222222 0.5714285714285714 0.2222222222222222 0.0 1.0
1.0 0.92 1.0 0.3395709047974148 0.2333295467454277 1.0 0.3333333333333333 0.2857142857142857 0.1111111111111111 0.0 1.0
0.0 0.7980769230769231 0.0 0.3395709047974148 0.2333295467454277 0.0 0.3333333333333333 0.2857142857142857 0.1111111111111111 0.0 1.0
1.0 0.27230769230769225 0.0 0.3395709047974148 0.2333295467454277 0.0 0.3333333333333333 0.2857142857142857 0.1111111111111111 0.0 1.0
1.0 0.41134615384615386 0.0 0.17939348744717873 0.12921731227990457 0.0 0.05555555555555555 0.14285714285714285 0.2222222222222222 0.0 0.0
1.0 0.23461538461538461 0.0 0.17939348744717873 0.12921731227990457 0.0 0.05555555555555555 0.14285714285714285 0.2222222222222222 0.0 1.0
1.0 0.15076923076923077 0.0 0.17939348744717873 0.12921731227990457 0.0 0.05555555555555555 0.14285714285714285 0.2222222222222222 0.0 1.0
1.0 0.9976923076923077 1.0 0.5240694133731046 0.22671248438032487 1.0 0.3333333333333333 0.5 0.0 0.0 0.0
1.0 0.9530769230769232 1.0 0.09136216753666417 0.3180165852550267 1.0 0.2222222222222222 0.42857142857142855 0.5555555555555556 0.0 1.0
1.0 0.8869230769230769 1.0 0.09136216753666417 0.3180165852550267 1.0 0.2222222222222222 0.42857142857142855 0.5555555555555556 0.0 1.0
0.0 0.31153846153846154 0.5 0.4568947303007705 0.6174315574236056 0.0 0.6666666666666666 0.42857142857142855 0.5555555555555556 0.0 1.0
0.0 1.0 0.5 0.6059796793437732 0.7100704305350448 0.0 0.7222222222222222 0.5714285714285714 0.7777777777777778 0.0 0.0
0.0 0.8292307692307692 0.5 0.6059796793437732 0.7100704305350448 0.0 0.7222222222222222 0.5714285714285714 0.7777777777777778 0.0 0.0
1.0 0.9607692307692306 1.0 0.13835290827740493 0.2925423151198455 1.0 0.2777777777777778 0.21428571428571427 0.2222222222222222 0.0 0.0
0.0 0.9653846153846154 0.0 0.41213646532438475 0.18516414858570943 1.0 0.1111111111111111 0.5714285714285714 0.3333333333333333 0.0 1.0
0.0 0.9653846153846154 1.0 0.41213646532438475 0.18516414858570943 1.0 0.1111111111111111 0.5714285714285714 0.3333333333333333 0.0 0.0
0.0 0.9992307692307691 1.0 0.41213646532438475 0.18516414858570943 1.0 0.1111111111111111 0.5714285714285714 0.3333333333333333 0.0 0.0
1.0 0.41134615384615386 0.0 0.11468586875466069 0.12921731227990457 0.0 0.05555555555555555 0.07142857142857142 0.2222222222222222 0.0 1.0
1.0 0.23461538461538461 0.0 0.11468586875466069 0.12921731227990457 0.0 0.05555555555555555 0.07142857142857142 0.2222222222222222 0.0 1.0
1.0 0.15076923076923077 0.0 0.11468586875466069 0.12921731227990457 0.0 0.05555555555555555 0.07142857142857142 0.2222222222222222 0.0 1.0
1.0 0.15076923076923077 0.0 0.11468586875466069 0.12921731227990457 0.0 0.05555555555555555 0.07142857142857142 0.2222222222222222 0.0 1.0
1.0 0.7684615384615385 1.0 0.3288077926920208 0.016443257980234015 1.0 0.05555555555555555 0.2857142857142857 0.0 0.0 1.0
1.0 0.5763846153846154 0.0 0.33120650012428526 0.3451948199477451 0.0 0.3333333333333333 0.6428571428571429 0.3333333333333333 0.0 0.0
1.0 0.5763846153846154 0.0 0.33120650012428526 0.3451948199477451 0.0 0.3333333333333333 0.6428571428571429 0.3333333333333333 0.0 0.0
1.0 0.0 0.0 0.33120650012428526 0.3451948199477451 0.0 0.3333333333333333 0.6428571428571429 0.3333333333333333 0.0 0.0
1.0 0.0 0.0 0.33120650012428526 0.3451948199477451 0.0 0.3333333333333333 0.6428571428571429 0.3333333333333333 0.0 1.0
1.0 0.92 1.0 0.22687360178970914 0.2797057821197319 1.0 0.16666666666666666 0.07142857142857142 0.3333333333333333 0.0 1.0
0.0 0.27230769230769225 0.0 0.22687360178970914 0.2797057821197319 0.0 0.16666666666666666 0.07142857142857142 0.3333333333333333 0.0 1.0
1.0 0.7684615384615385 1.0 0.247410203827989 0.09065091446097921 1.0 0.05555555555555555 0.2857142857142857 0.2222222222222222 0.0 0.0
1.0 0.8592307692307692 1.0 0.5020413870246084 0.5567988185845735 1.0 0.5 0.5 0.6666666666666666 0.0 1.0
1.0 0.7684615384615385 1.0 0.0 0.03973077359990912 1.0 0.0 0.07142857142857142 0.1111111111111111 0.0 1.0
1.0 0.9176923076923077 1.0 0.19558942331593335 0.0 0.0 0.0 0.0 0.1111111111111111 0.0 1.0
1.0 0.9130769230769231 0.5 0.19558942331593335 0.0 0.0 0.0 0.0 0.1111111111111111 0.0 1.0
1.0 0.8830769230769231 0.5 0.19558942331593335 0.0 0.0 0.0 0.0 0.1111111111111111 0.0 1.0
1.0 0.9815384615384615 1.0 0.48737260750683564 0.17022605929796658 1.0 0.2777777777777778 0.5 0.1111111111111111 0.0 1.0
0.0 0.5636923076923076 0.0 0.5551795923440218 0.35195387935930933 0.0 0.2222222222222222 1.0 0.5555555555555556 0.0 1.0
1.0 0.8507692307692307 0.5 0.5551795923440218 0.35195387935930933 0.0 0.2222222222222222 1.0 0.5555555555555556 0.0 1.0
0.0 0.5134615384615384 0.0 0.6158246333581903 0.39679654663183006 0.0 0.2222222222222222 1.0 0.6666666666666666 0.0 0.0
0.0 0.5636923076923076 0.0 0.6158246333581903 0.39679654663183006 0.0 0.2222222222222222 1.0 0.6666666666666666 0.0 1.0
1.0 0.8507692307692307 0.5 0.6158246333581903 0.39679654663183006 0.0 0.2222222222222222 1.0 0.6666666666666666 0.0 1.0
1.0 0.8376923076923077 0.0 0.6158246333581903 0.39679654663183006 0.0 0.2222222222222222 1.0 0.6666666666666666 0.0 1.0
1.0 0.27230769230769225 0.0 0.439732475764355 0.13214245143701012 1.0 0.1111111111111111 0.5 0.2222222222222222 0.0 1.0
1.0 0.27230769230769225 1.0 0.439732475764355 0.13214245143701012 1.0 0.1111111111111111 0.5 0.2222222222222222 0.0 0.0
1.0 0.27230769230769225 0.0 0.439732475764355 0.13214245143701012 1.0 0.1111111111111111 0.5 0.2222222222222222 0.0 1.0
1.0 0.27230769230769225 0.0 0.439732475764355 0.13214245143701012 0.0 0.1111111111111111 0.5 0.2222222222222222 0.0 1.0
1.0 0.9176923076923077 1.0 0.1288171140939597 0.0 0.0 0.0 0.0 0.1111111111111111 0.0 1.0
1.0 0.9130769230769231 0.5 0.1288171140939597 0.0 0.0 0.0 0.0 0.1111111111111111 0.0 1.0
1.0 0.8830769230769231 0.5 0.1288171140939597 0.0 0.0 0.0 0.0 0.1111111111111111 0.0 1.0
1.0 0.9207692307692307 0.0 0.4990818419090231 0.5637566738611837 1.0 0.5 0.7142857142857143 0.5555555555555556 0.0 1.0
1.0 0.9207692307692307 0.0 0.4990818419090231 0.5637566738611837 1.0 0.5 0.7142857142857143 0.5555555555555556 0.0 1.0
1.0 0.9207692307692307 1.0 0.4990818419090231 0.5637566738611837 1.0 0.5 0.7142857142857143 0.5555555555555556 0.0 1.0
1.0 0.9207692307692307 1.0 0.4990818419090231 0.5637566738611837 1.0 0.5 0.7142857142857143 0.5555555555555556 0.0 1.0
1.0 0.9207692307692307 1.0 0.4990818419090231 0.5637566738611837 1.0 0.5 0.7142857142857143 0.5555555555555556 0.0 1.0
1.0 0.9207692307692307 1.0 0.4990818419090231 0.5637566738611837 1.0 0.5 0.7142857142857143 0.5555555555555556 0.0 1.0
1.0 0.9207692307692307 0.5 0.4990818419090231 0.5637566738611837 1.0 0.5 0.7142857142857143 0.5555555555555556 0.0 1.0
1.0 0.9207692307692307 0.5 0.4990818419090231 0.5637566738611837 1.0 0.5 0.7142857142857143 0.5555555555555556 0.0 1.0
1.0 0.9207692307692307 0.0 0.2985567362664678 0.2758718618652732 1.0 0.3333333333333333 0.2857142857142857 0.2222222222222222 0.0 1.0
1.0 0.9207692307692307 1.0 0.2985567362664678 0.2758718618652732 1.0 0.3333333333333333 0.2857142857142857 0.2222222222222222 0.0 1.0
0.0 0.5763846153846154 0.0 0.9511418717375092 1.0 0.0 1.0 0.9285714285714286 1.0 0.0 1.0
0.0 0.5763846153846154 0.0 0.9511418717375092 1.0 0.0 1.0 0.9285714285714286 1.0 0.0 1.0
0.0 0.0 0.0 0.9511418717375092 1.0 0.0 1.0 0.9285714285714286 1.0 0.0 1.0
0.0 0.0 0.0 0.9511418717375092 1.0 0.0 1.0 0.9285714285714286 1.0 0.0 0.0
1.0 0.9176923076923077 1.0 0.10702522992791451 0.0 0.0 0.0 0.0 0.1111111111111111 0.0 1.0
1.0 0.9130769230769231 0.5 0.10702522992791451 0.0 0.0 0.0 0.0 0.1111111111111111 0.0 1.0
1.0 0.8830769230769231 0.5 0.10702522992791451 0.0 0.0 0.0 0.0 0.1111111111111111 0.0 1.0
1.0 0.9176923076923077 1.0 0.12285452398707432 0.17085084630239689 0.0 0.1111111111111111 0.07142857142857142 0.2222222222222222 0.0 1.0
1.0 0.9130769230769231 0.5 0.12285452398707432 0.17085084630239689 0.0 0.1111111111111111 0.07142857142857142 0.2222222222222222 0.0 1.0
1.0 0.8830769230769231 0.5 0.12285452398707432 0.17085084630239689 0.0 0.1111111111111111 0.07142857142857142 0.2222222222222222 0.0 1.0
1.0 0.4384615384615384 0.0 1.0 0.22932523003521527 1.0 0.16666666666666666 0.35714285714285715 0.3333333333333333 0.0 0.0
1.0 0.4384615384615384 1.0 1.0 0.22932523003521527 1.0 0.16666666666666666 0.35714285714285715 0.3333333333333333 0.0 0.0
0.0 0.4384615384615384 0.0 1.0 0.22932523003521527 1.0 0.16666666666666666 0.35714285714285715 0.3333333333333333 0.0 1.0
0.0 0.5763846153846154 0.0 0.24410887397464573 0.2654776780642963 0.0 0.3333333333333333 0.35714285714285715 0.2222222222222222 0.0 0.0
0.0 0.5763846153846154 0.0 0.24410887397464573 0.2654776780642963 0.0 0.3333333333333333 0.35714285714285715 0.2222222222222222 0.0 0.0
0.0 0.0 0.0 0.24410887397464573 0.2654776780642963 0.0 0.3333333333333333 0.35714285714285715 0.2222222222222222 0.0 0.0
0.0 0.0 0.0 0.24410887397464573 0.2654776780642963 0.0 0.3333333333333333 0.35714285714285715 0.2222222222222222 0.0 0.0
1.0 0.7684615384615385 1.0 0.33575689783743473 0.18371577871180278 1.0 0.2777777777777778 0.35714285714285715 0.1111111111111111 0.0 1.0
1.0 0.92 1.0 0.44461067611235394 0.20745768488015448 1.0 0.2777777777777778 0.35714285714285715 0.1111111111111111 0.0 1.0
0.0 0.7980769230769231 0.0 0.44461067611235394 0.20745768488015448 0.0 0.2777777777777778 0.35714285714285715 0.1111111111111111 0.0 1.0
0.0 0.27230769230769225 0.0 0.44461067611235394 0.20745768488015448 0.0 0.2777777777777778 0.35714285714285715 0.1111111111111111 0.0 1.0
