0.92 1.0 1.0 0.0 1.0
0.27230769230769225 0.0 1.0 0.0 1.0
0.27230769230769225 1.0 1.0 0.0 1.0
0.27230769230769225 0.0 0.0 0.0 1.0
0.27230769230769225 0.0 0.0 0.0 1.0
0.92 1.0 1.0 0.0 1.0
0.7980769230769231 0.0 0.0 0.0 1.0
0.27230769230769225 0.0 0.0 0.0 1.0
0.92 1.0 1.0 0.0 1.0
0.7980769230769231 0.0 0.0 0.0 1.0
0.27230769230769225 0.0 0.0 0.0 1.0
0.41134615384615386 0.0 0.0 0.0 0.0
0.23461538461538461 0.0 0.0 0.0 1.0
0.15076923076923077 0.0 0.0 0.0 1.0
0.9976923076923077 1.0 1.0 0.0 0.0
0.9530769230769232 1.0 1.0 0.0 1.0
0.8869230769230769 1.0 1.0 0.0 1.0
0.31153846153846154 0.5 0.0 0.0 1.0
1.0 0.5 0.0 0.0 0.0
0.8292307692307692 0.5 0.0 0.0 0.0
0.9607692307692306 1.0 1.0 0.0 0.0
0.9653846153846154 0.0 1.0 0.0 1.0
0.9653846153846154 1.0 1.0 0.0 0.0
0.9992307692307691 1.0 1.0 0.0 0.0
0.41134615384615386 0.0 0.0 0.0 1.0
0.23461538461538461 0.0 0.0 0.0 1.0
0.15076923076923077 0.0 0.0 0.0 1.0
0.15076923076923077 0.0 0.0 0.0 1.0
0.7684615384615385 1.0 1.0 0.0 1.0
0.5763846153846154 0.0 0.0 0.0 0.0
0.5763846153846154 0.0 0.0 0.0 0.0
0.0 0.0 0.0 0.0 0.0
0.0 0.0 0.0 0.0 1.0
0.92 1.0 1.0 0.0 1.0
0.27230769230769225 0.0 0.0 0.0 1.0
0.7684615384615385 1.0 1.0 0.0 0.0
0.8592307692307692 1.0 1.0 0.0 1.0
0.7684615384615385 1.0 1.0 0.0 1.0
0.9176923076923077 1.0 0.0 0.0 1.0
0.9130769230769231 0.5 0.0 0.0 1.0
0.8830769230769231 0.5 0.0 0.0 1.0
0.9815384615384615 1.0 1.0 0.0 1.0
0.5636923076923076 0.0 0.0 0.0 1.0
0.8507692307692307 0.5 0.0 0.0 1.0
0.5134615384615384 0.0 0.0 0.0 0.0
0.5636923076923076 0.0 0.0 0.0 1.0
0.8507692307692307 0.5 0.0 0.0 1.0
0.8376923076923077 0.0 0.0 0.0 1.0
0.27230769230769225 0.0 1.0 0.0 1.0
0.27230769230769225 1.0 1.0 0.0 0.0
0.27230769230769225 0.0 1.0 0.0 1.0
0.27230769230769225 0.0 0.0 0.0 1.0
0.9176923076923077 1.0 0.0 0.0 1.0
0.9130769230769231 0.5 0.0 0.0 1.0
0.8830769230769231 0.5 0.0 0.0 1.0
0.9207692307692307 0.0 1.0 0.0 1.0
0.9207692307692307 0.0 1.0 0.0 1.0
0.9207692307692307 1.0 1.0 0.0 1.0
0.9207692307692307 1.0 1.0 0.0 1.0
0.9207692307692307 1.0 1.0 0.0 1.0
0.9207692307692307 1.0 1.0 0.0 1.0
0.9207692307692307 0.5 1.0 0.0 1.0
0.9207692307692307 0.5 1.0 0.0 1.0
0.9207692307692307 0.0 1.0 0.0 1.0
0.9207692307692307 1.0 1.0 0.0 1.0
0.5763846153846154 0.0 0.0 0.0 1.0
0.5763846153846154 0.0 0.0 0.0 1.0
0.0 0.0 0.0 0.0 1.0
0.0 0.0 0.0 0.0 0.0
0.9176923076923077 1.0 0.0 0.0 1.0
0.9130769230769231 0.5 0.0 0.0 1.0
0.8830769230769231 0.5 0.0 0.0 1.0
0.9176923076923077 1.0 0.0 0.0 1.0
0.9130769230769231 0.5 0.0 0.0 1.0
0.8830769230769231 0.5 0.0 0.0 1.0
0.4384615384615384 0.0 1.0 0.0 0.0
0.4384615384615384 1.0 1.0 0.0 0.0
0.4384615384615384 0.0 1.0 0.0 1.0
0.5763846153846154 0.0 0.0 0.0 0.0
0.5763846153846154 0.0 0.0 0.0 0.0
0.0 0.0 0.0 0.0 0.0
0.0 0.0 0.0 0.0 0.0
0.7684615384615385 1.0 1.0 0.0 1.0
0.92 1.0 1.0 0.0 1.0
0.7980769230769231 0.0 0.0 0.0 1.0
0.27230769230769225 0.0 0.0 0.0 1.0
