0.0 0.41984564193239293 0.42857142857142855 0.5249159880660641 0.0
0.0 0.3994429194796426 0.42857142857142855 0.4617902470382648 0.0
0.0 0.39464903174732924 0.5714285714285714 0.8363055474060952 0.0
0.0 0.2240651444031331 0.42857142857142855 0.5249159880660641 0.0
0.0 0.2240651444031331 0.5714285714285714 0.31125017407300937 0.0
0.0 0.19766125827492131 0.42857142857142855 0.19123806862901327 0.0
1.0 0.11097184073941918 0.42857142857142855 0.6484452632135923 0.0
0.0 0.14580642010185346 0.2857142857142857 0.7385818020591188 0.0
0.0 0.16476511215670644 0.5714285714285714 0.8363055474060952 0.0
1.0 0.11135611036224916 0.42857142857142855 0.4013867129185359 0.0
1.0 0.07632329381801656 0.2857142857142857 0.7385818020591188 0.0
1.0 0.11196089600441243 0.2857142857142857 0.6804035606720182 0.0
1.0 0.11196089600441243 0.2857142857142857 0.9815486116352963 0.0
0.0 0.13848188748457177 1.0 0.6838027202979662 0.0
1.0 0.07442928706798804 0.42857142857142855 0.5880417290938633 0.0
0.0 0.26270321555848897 0.2857142857142857 0.1217219818508623 0.0
0.0 0.22408157521630334 0.42857142857142855 0.593199352433643 0.0
0.0 0.321104450172107 0.5714285714285714 0.5886163001092101 0.0
0.0 0.32531419215490975 0.5714285714285714 0.8363055474060952 0.0
0.0 0.3536841583615783 0.42857142857142855 0.5880417290938633 0.0
0.0 0.3987814713668496 0.2857142857142857 0.0 0.0
0.0 0.415774341277901 0.42857142857142855 0.4013867129185359 0.0
0.0 0.33114498927510955 0.42857142857142855 0.3716668073396772 0.0
0.0 0.2950712196761796 0.2857142857142857 0.9815486116352963 0.0
0.0 0.20973709946208255 0.42857142857142855 0.5249159880660641 0.0
0.0 0.24794474931646063 0.5714285714285714 0.6504915283766293 0.0
0.0 0.28783166780773994 0.42857142857142855 0.593199352433643 0.0
0.0 0.24103004441321396 0.42857142857142855 0.5880417290938633 0.0
0.0 0.37030213603680245 0.42857142857142855 0.593199352433643 0.0
0.0 0.37030213603680245 0.2857142857142857 0.27170467011313393 0.0
0.0 0.48949630703762265 0.42857142857142855 0.8585939075031149 0.0
0.0 0.5019462370979064 0.42857142857142855 0.7629352980015423 0.0
0.0 0.5019462370979064 0.5714285714285714 0.3694284154601099 0.0
0.0 0.39914451774793236 0.5714285714285714 0.3694284154601099 0.0
0.0 0.39914451774793236 0.42857142857142855 0.7629352980015423 0.0
0.0 0.15353559897849525 0.42857142857142855 0.8585939075031149 0.0
0.0 0.22910580557176602 0.2857142857142857 0.9184228706074966 0.0
0.0 0.27375600910957093 0.42857142857142855 0.6484452632135923 0.0
0.0 0.2747648864381701 0.42857142857142855 0.8585939075031149 0.0
0.0 0.3689927129617488 0.5714285714285714 0.3694284154601099 0.0
0.0 0.3689927129617488 0.42857142857142855 0.7629352980015423 0.0
0.0 0.21241256893202343 0.2857142857142857 0.7385818020591188 0.0
1.0 0.007605955760065947 0.5714285714285714 0.8363055474060952 0.0
0.0 0.4085243955551078 0.42857142857142855 0.6484452632135923 0.0
0.0 0.29348727171230865 0.2857142857142857 0.8598266299136859 0.0
0.0 0.15430384131757693 0.42857142857142855 0.5249159880660641 0.0
1.0 0.060055425097540076 0.5714285714285714 0.3694284154601099 0.0
0.0 0.28352949819672646 0.42857142857142855 0.39086454932263875 0.0
0.0 0.20383142840118218 0.42857142857142855 0.7629352980015423 0.0
0.0 0.20383142840118218 0.5714285714285714 0.3694284154601099 0.0
1.0 0.02336732182474164 0.42857142857142855 0.45663262369848523 0.0
1.0 0.02336732182474164 0.2857142857142857 0.0 0.0
1.0 0.04786548116287387 0.2857142857142857 0.7385818020591188 0.0
1.0 0.10568659862375428 0.42857142857142855 0.8585939075031149 0.0
0.0 0.16384563346812953 0.5714285714285714 0.5886163001092101 0.0
0.0 0.16384563346812953 0.42857142857142855 0.8585939075031149 0.0
0.0 0.16384563346812953 0.5714285714285714 0.7684573686575883 0.0
0.0 0.34554185062766596 0.2857142857142857 0.7385818020591188 0.0
0.0 0.4205340636243605 0.2857142857142857 0.7385818020591188 0.0
0.0 0.47011014606768087 0.2857142857142857 0.7385818020591188 0.0
0.0 0.6080998430053868 0.42857142857142855 0.4013867129185359 0.0
0.0 0.7365994576763112 0.42857142857142855 0.4013867129185359 0.0
0.0 0.9531469106371981 0.42857142857142855 0.5880417290938633 0.0
0.0 0.9547526779589607 0.2857142857142857 0.2813746074745403 0.0
0.0 0.9290550129368097 0.2857142857142857 0.7385818020591188 0.0
0.0 0.8033743414282883 0.42857142857142855 0.5880417290938633 0.0
0.0 0.9087311148317367 0.42857142857142855 0.3214946824497621 0.0
0.0 0.7748511639145864 0.42857142857142855 0.5880417290938633 0.0
0.0 0.7898270892388762 0.42857142857142855 0.8585939075031149 0.0
0.0 0.7898270892388762 0.5714285714285714 0.7684573686575883 0.0
0.0 0.7411905319884521 0.42857142857142855 0.5249159880660641 0.0
0.0 0.6419764817898005 0.42857142857142855 0.593199352433643 0.0
0.0 0.605301953625061 0.42857142857142855 0.7629352980015423 0.0
0.0 0.7528409694817765 0.5714285714285714 0.7187748927442087 0.0
0.0 0.5956081217623085 0.42857142857142855 0.6571751737669811 0.0
0.0 0.7238248926151661 0.42857142857142855 0.711571004241392 0.0
0.0 0.7238248926151661 0.42857142857142855 0.6484452632135923 0.0
0.0 0.6386378483692163 0.5714285714285714 0.31125017407300937 0.0
0.0 0.7907703039079736 0.2857142857142857 0.9815486116352963 0.0
0.0 0.8480710615225038 0.42857142857142855 0.8585939075031149 0.0
0.0 0.7999982681306701 0.2857142857142857 0.7385818020591188 0.0
0.0 0.8444638824854236 0.5714285714285714 0.31125017407300937 0.0
0.0 0.8519220261484715 0.42857142857142855 0.8585939075031149 0.0
0.0 0.7678247808630093 0.42857142857142855 0.6484452632135923 0.0
0.0 0.9923369454089774 0.7142857142857143 0.049831976132128225 0.0
0.0 0.7579443412370498 0.42857142857142855 0.4013867129185359 0.0
0.0 0.8789768444543997 0.42857142857142855 0.8585939075031149 0.0
0.0 0.8631299840745595 0.2857142857142857 0.9184228706074966 0.0
0.0 0.6633744416216816 0.0 0.4851891350436668 0.0
0.0 0.6633744416216816 0.42857142857142855 0.3214946824497621 0.0
0.0 0.7284442818292945 0.5714285714285714 0.31125017407300937 0.0
0.0 0.7284442818292945 0.42857142857142855 0.5249159880660641 0.0
0.0 0.7851353057089834 0.2857142857142857 0.1217219818508623 0.0
0.0 0.5582100871132787 0.14285714285714285 1.0 0.0
0.0 0.7782854724000426 0.42857142857142855 0.8585939075031149 0.0
0.0 0.4640944673073135 0.42857142857142855 0.45663262369848523 0.0
0.0 0.6907981735618891 0.2857142857142857 0.9184228706074966 0.0
0.0 0.6251527138029341 0.2857142857142857 0.7385818020591188 0.0
0.0 0.43165889106240657 0.42857142857142855 0.5249159880660641 0.0
0.0 0.4084670091189614 0.42857142857142855 0.4617902470382648 0.0
0.0 0.4175502813014701 0.5714285714285714 0.8363055474060952 0.0
0.0 0.24442311644531345 0.42857142857142855 0.5249159880660641 0.0
0.0 0.24442311644531345 0.5714285714285714 0.31125017407300937 0.0
0.0 0.2709809047769565 0.42857142857142855 0.19123806862901327 0.0
0.0 0.21853022757817783 0.42857142857142855 0.6484452632135923 0.0
0.0 0.2532259479665466 0.2857142857142857 0.7385818020591188 0.0
0.0 0.2492111156832789 0.5714285714285714 0.8363055474060952 0.0
0.0 0.11944526037079335 0.42857142857142855 0.4013867129185359 0.0
1.0 0.08180545303381855 0.2857142857142857 0.7385818020591188 0.0
1.0 0.11464519352046282 0.2857142857142857 0.6804035606720182 0.0
1.0 0.11464519352046282 0.2857142857142857 0.9815486116352963 0.0
0.0 0.14036275667190087 1.0 0.6838027202979662 0.0
1.0 0.08145094856935652 0.42857142857142855 0.5880417290938633 0.0
0.0 0.2655792325767264 0.2857142857142857 0.1217219818508623 0.0
0.0 0.23532392636754287 0.42857142857142855 0.593199352433643 0.0
0.0 0.41802403320974063 0.5714285714285714 0.5886163001092101 0.0
0.0 0.4155439988783428 0.5714285714285714 0.8363055474060952 0.0
0.0 0.44904353746514 0.42857142857142855 0.5880417290938633 0.0
0.0 0.4833929246811142 0.2857142857142857 0.0 0.0
0.0 0.47093287153525926 0.42857142857142855 0.4013867129185359 0.0
0.0 0.3365335143205835 0.42857142857142855 0.3716668073396772 0.0
0.0 0.2879605700703475 0.2857142857142857 0.9815486116352963 0.0
0.0 0.1992719255949235 0.42857142857142855 0.5249159880660641 0.0
0.0 0.2489665524446594 0.5714285714285714 0.6504915283766293 0.0
0.0 0.2873550888140148 0.42857142857142855 0.593199352433643 0.0
0.0 0.302170491403371 0.42857142857142855 0.5880417290938633 0.0
0.0 0.40812695684323796 0.42857142857142855 0.593199352433643 0.0
0.0 0.40812695684323796 0.2857142857142857 0.27170467011313393 0.0
0.0 0.5604845880391706 0.42857142857142855 0.8585939075031149 0.0
0.0 0.5670193531382461 0.42857142857142855 0.7629352980015423 0.0
0.0 0.5670193531382461 0.5714285714285714 0.3694284154601099 0.0
0.0 0.40402252133412137 0.5714285714285714 0.3694284154601099 0.0
0.0 0.40402252133412137 0.42857142857142855 0.7629352980015423 0.0
0.0 0.1643865919322214 0.42857142857142855 0.8585939075031149 0.0
0.0 0.24595787280924494 0.2857142857142857 0.9184228706074966 0.0
0.0 0.28641569017366264 0.42857142857142855 0.6484452632135923 0.0
0.0 0.2811593550738495 0.42857142857142855 0.8585939075031149 0.0
0.0 0.36027927359639705 0.5714285714285714 0.3694284154601099 0.0
0.0 0.36027927359639705 0.42857142857142855 0.7629352980015423 0.0
0.0 0.21350112718567874 0.2857142857142857 0.7385818020591188 0.0
1.0 0.0564126546554971 0.5714285714285714 0.8363055474060952 0.0
0.0 0.42060628107959075 0.42857142857142855 0.6484452632135923 0.0
0.0 0.2996225408381043 0.2857142857142857 0.8598266299136859 0.0
0.0 0.15693434373956272 0.42857142857142855 0.5249159880660641 0.0
1.0 0.019095630336932286 0.5714285714285714 0.3694284154601099 0.0
0.0 0.28374599404867007 0.42857142857142855 0.39086454932263875 0.0
0.0 0.167413828731856 0.42857142857142855 0.7629352980015423 0.0
0.0 0.167413828731856 0.5714285714285714 0.3694284154601099 0.0
1.0 0.0 0.42857142857142855 0.45663262369848523 0.0
1.0 0.0 0.2857142857142857 0.0 0.0
1.0 0.010858865952950865 0.2857142857142857 0.7385818020591188 0.0
1.0 0.0647738163445442 0.42857142857142855 0.8585939075031149 0.0
0.0 0.12583627398786465 0.5714285714285714 0.5886163001092101 0.0
0.0 0.12583627398786465 0.42857142857142855 0.8585939075031149 0.0
0.0 0.12583627398786465 0.5714285714285714 0.7684573686575883 0.0
0.0 0.3169501981260179 0.2857142857142857 0.7385818020591188 0.0
0.0 0.41266900769592213 0.2857142857142857 0.7385818020591188 0.0
0.0 0.47763097728748927 0.2857142857142857 0.7385818020591188 0.0
0.0 0.6185455376187642 0.42857142857142855 0.4013867129185359 0.0
0.0 0.7487281229238908 0.42857142857142855 0.4013867129185359 0.0
0.0 0.9567694801182125 0.42857142857142855 0.5880417290938633 0.0
0.0 0.9646295367739777 0.2857142857142857 0.2813746074745403 0.0
0.0 0.9378656728284905 0.2857142857142857 0.7385818020591188 0.0
0.0 0.8081270790133971 0.42857142857142855 0.5880417290938633 0.0
0.0 0.8848735416878147 0.42857142857142855 0.3214946824497621 0.0
0.0 0.7486142115479805 0.42857142857142855 0.5880417290938633 0.0
0.0 0.75731839491392 0.42857142857142855 0.8585939075031149 0.0
0.0 0.75731839491392 0.5714285714285714 0.7684573686575883 0.0
0.0 0.7063198681356745 0.42857142857142855 0.5249159880660641 0.0
0.0 0.6175752594868831 0.42857142857142855 0.593199352433643 0.0
0.0 0.5889518923810697 0.42857142857142855 0.7629352980015423 0.0
0.0 0.758069942624731 0.5714285714285714 0.7187748927442087 0.0
0.0 0.6009511086858823 0.42857142857142855 0.6571751737669811 0.0
0.0 0.7292994935138116 0.42857142857142855 0.711571004241392 0.0
0.0 0.7292994935138116 0.42857142857142855 0.6484452632135923 0.0
0.0 0.6457281608023417 0.5714285714285714 0.31125017407300937 0.0
0.0 0.8002741354602554 0.2857142857142857 0.9815486116352963 0.0
0.0 0.8573490115406107 0.42857142857142855 0.8585939075031149 0.0
0.0 0.8119186556159842 0.2857142857142857 0.7385818020591188 0.0
0.0 0.8546153723950148 0.5714285714285714 0.31125017407300937 0.0
0.0 0.8613935800942806 0.42857142857142855 0.8585939075031149 0.0
0.0 0.7758588005363534 0.42857142857142855 0.6484452632135923 0.0
0.0 1.0 0.7142857142857143 0.049831976132128225 0.0
0.0 0.7699723887156243 0.42857142857142855 0.4013867129185359 0.0
0.0 0.8870877266873969 0.42857142857142855 0.8585939075031149 0.0
0.0 0.867919531904257 0.2857142857142857 0.9184228706074966 0.0
0.0 0.6653129292208895 0.0 0.4851891350436668 0.0
0.0 0.6653129292208895 0.42857142857142855 0.3214946824497621 0.0
0.0 0.7263105974396213 0.5714285714285714 0.31125017407300937 0.0
0.0 0.7263105974396213 0.42857142857142855 0.5249159880660641 0.0
0.0 0.779162282981659 0.2857142857142857 0.1217219818508623 0.0
0.0 0.5578202299273184 0.14285714285714285 1.0 0.0
0.0 0.7679478927877474 0.42857142857142855 0.8585939075031149 0.0
0.0 0.4739152459051991 0.42857142857142855 0.45663262369848523 0.0
0.0 0.7019313592812123 0.2857142857142857 0.9184228706074966 0.0
0.0 0.6341881332488144 0.2857142857142857 0.7385818020591188 0.0
0.0 0.41535858710375484 0.42857142857142855 0.5249159880660641 0.0
0.0 0.3935527745824542 0.42857142857142855 0.4617902470382648 0.0
0.0 0.38829477976614857 0.5714285714285714 0.8363055474060952 0.0
0.0 0.2110574644131957 0.42857142857142855 0.5249159880660641 0.0
0.0 0.2110574644131957 0.5714285714285714 0.31125017407300937 0.0
0.0 0.23553701983421563 0.42857142857142855 0.19123806862901327 0.0
0.0 0.1910908994902542 0.42857142857142855 0.6484452632135923 0.0
0.0 0.23253390582764796 0.2857142857142857 0.7385818020591188 0.0
0.0 0.23406249622071704 0.5714285714285714 0.8363055474060952 0.0
1.0 0.10805264862147626 0.42857142857142855 0.4013867129185359 0.0
1.0 0.0718112305073759 0.2857142857142857 0.7385818020591188 0.0
1.0 0.11061235904836306 0.2857142857142857 0.6804035606720182 0.0
1.0 0.11061235904836306 0.2857142857142857 0.9815486116352963 0.0
0.0 0.13002619413065256 1.0 0.6838027202979662 0.0
1.0 0.05819416875965521 0.42857142857142855 0.5880417290938633 0.0
0.0 0.25289074694620994 0.2857142857142857 0.1217219818508623 0.0
0.0 0.2248343754842734 0.42857142857142855 0.593199352433643 0.0
0.0 0.3782052210047374 0.5714285714285714 0.5886163001092101 0.0
0.0 0.373848292152618 0.5714285714285714 0.8363055474060952 0.0
0.0 0.41607601012228645 0.42857142857142855 0.5880417290938633 0.0
0.0 0.46569495743270634 0.2857142857142857 0.0 0.0
0.0 0.45883668378456666 0.42857142857142855 0.4013867129185359 0.0
0.0 0.33352261710896375 0.42857142857142855 0.3716668073396772 0.0
0.0 0.2928084360401686 0.2857142857142857 0.9815486116352963 0.0
0.0 0.21044034680694845 0.42857142857142855 0.5249159880660641 0.0
0.0 0.2678257115049291 0.5714285714285714 0.6504915283766293 0.0
0.0 0.28895710159457566 0.42857142857142855 0.593199352433643 0.0
0.0 0.28846657364852696 0.42857142857142855 0.5880417290938633 0.0
0.0 0.401965818901731 0.42857142857142855 0.593199352433643 0.0
0.0 0.401965818901731 0.2857142857142857 0.27170467011313393 0.0
0.0 0.5273239146831208 0.42857142857142855 0.8585939075031149 0.0
0.0 0.5315062734679136 0.42857142857142855 0.7629352980015423 0.0
0.0 0.5315062734679136 0.5714285714285714 0.3694284154601099 0.0
0.0 0.4010712435626369 0.5714285714285714 0.3694284154601099 0.0
0.0 0.4010712435626369 0.42857142857142855 0.7629352980015423 0.0
0.0 0.14824365599505768 0.42857142857142855 0.8585939075031149 0.0
0.0 0.22351188485288362 0.2857142857142857 0.9184228706074966 0.0
0.0 0.26902220588681286 0.42857142857142855 0.6484452632135923 0.0
0.0 0.271647209958504 0.42857142857142855 0.8585939075031149 0.0
0.0 0.3456924246780607 0.5714285714285714 0.3694284154601099 0.0
0.0 0.3456924246780607 0.42857142857142855 0.7629352980015423 0.0
0.0 0.19684603160455733 0.2857142857142857 0.7385818020591188 0.0
1.0 0.006057765351679861 0.5714285714285714 0.8363055474060952 0.0
0.0 0.3957708988094596 0.42857142857142855 0.6484452632135923 0.0
0.0 0.2858515086469586 0.2857142857142857 0.8598266299136859 0.0
0.0 0.14170650569355372 0.42857142857142855 0.5249159880660641 0.0
1.0 0.03274815116842207 0.5714285714285714 0.3694284154601099 0.0
0.0 0.3088292191911956 0.42857142857142855 0.39086454932263875 0.0
0.0 0.16508178865711876 0.42857142857142855 0.7629352980015423 0.0
0.0 0.16508178865711876 0.5714285714285714 0.3694284154601099 0.0
1.0 0.010557078605299862 0.42857142857142855 0.45663262369848523 0.0
1.0 0.010557078605299862 0.2857142857142857 0.0 0.0
1.0 0.019413371264979537 0.2857142857142857 0.7385818020591188 0.0
1.0 0.06424221738016958 0.42857142857142855 0.8585939075031149 0.0
1.0 0.11413398463044148 0.5714285714285714 0.5886163001092101 0.0
1.0 0.11413398463044148 0.42857142857142855 0.8585939075031149 0.0
1.0 0.11413398463044148 0.5714285714285714 0.7684573686575883 0.0
0.0 0.30650900529518904 0.2857142857142857 0.7385818020591188 0.0
0.0 0.40021669393127 0.2857142857142857 0.7385818020591188 0.0
0.0 0.46671164591524095 0.2857142857142857 0.7385818020591188 0.0
0.0 0.606243890918391 0.42857142857142855 0.4013867129185359 0.0
0.0 0.7333027012974914 0.42857142857142855 0.4013867129185359 0.0
0.0 0.9443390644155079 0.42857142857142855 0.5880417290938633 0.0
0.0 0.9509049985565445 0.2857142857142857 0.2813746074745403 0.0
0.0 0.9248634596401482 0.2857142857142857 0.7385818020591188 0.0
0.0 0.7975958183344817 0.42857142857142855 0.5880417290938633 0.0
0.0 0.8738994472734125 0.42857142857142855 0.3214946824497621 0.0
0.0 0.7403013840989251 0.42857142857142855 0.5880417290938633 0.0
0.0 0.7557934501732029 0.42857142857142855 0.8585939075031149 0.0
0.0 0.7557934501732029 0.5714285714285714 0.7684573686575883 0.0
0.0 0.7042815629998911 0.42857142857142855 0.5249159880660641 0.0
0.0 0.6083302077640517 0.42857142857142855 0.593199352433643 0.0
0.0 0.5744982541016163 0.42857142857142855 0.7629352980015423 0.0
0.0 0.7517850481454391 0.5714285714285714 0.7187748927442087 0.0
0.0 0.5942514069406142 0.42857142857142855 0.6571751737669811 0.0
0.0 0.7207207845358271 0.42857142857142855 0.711571004241392 0.0
0.0 0.7207207845358271 0.42857142857142855 0.6484452632135923 0.0
0.0 0.6378875201240862 0.5714285714285714 0.31125017407300937 0.0
0.0 0.7873896297769638 0.2857142857142857 0.9815486116352963 0.0
0.0 0.844475465173482 0.42857142857142855 0.8585939075031149 0.0
0.0 0.7970344176098814 0.2857142857142857 0.7385818020591188 0.0
0.0 0.84177114999636 0.5714285714285714 0.31125017407300937 0.0
0.0 0.8494782316808499 0.42857142857142855 0.8585939075031149 0.0
0.0 0.765324127186978 0.42857142857142855 0.6484452632135923 0.0
0.0 0.9854700690945242 0.7142857142857143 0.049831976132128225 0.0
0.0 0.7559830739563164 0.42857142857142855 0.4013867129185359 0.0
0.0 0.8723094929827013 0.42857142857142855 0.8585939075031149 0.0
0.0 0.8548032329389715 0.2857142857142857 0.9184228706074966 0.0
0.0 0.6536361412966949 0.0 0.4851891350436668 0.0
0.0 0.6536361412966949 0.42857142857142855 0.3214946824497621 0.0
0.0 0.7168595523844588 0.5714285714285714 0.31125017407300937 0.0
0.0 0.7168595523844588 0.42857142857142855 0.5249159880660641 0.0
0.0 0.7720679217614873 0.2857142857142857 0.1217219818508623 0.0
0.0 0.5483825629964845 0.14285714285714285 1.0 0.0
0.0 0.7646764024231215 0.42857142857142855 0.8585939075031149 0.0
0.0 0.4590520596688541 0.42857142857142855 0.45663262369848523 0.0
0.0 0.6862783123339041 0.2857142857142857 0.9184228706074966 0.0
0.0 0.6196291645714306 0.2857142857142857 0.7385818020591188 0.0
