1.0 0.4395215781297925 0.92 1.0 1.0 0.4 0.0 1.0
1.0 0.4354648757391864 0.27230769230769225 0.0 1.0 0.2 0.0 1.0
1.0 0.5716824486823393 0.27230769230769225 1.0 1.0 0.4 0.0 1.0
1.0 0.6805961132380682 0.27230769230769225 0.0 0.0 0.2 0.0 1.0
1.0 0.8414458052136916 0.27230769230769225 0.0 0.0 0.4 0.0 1.0
1.0 0.4395215781297925 0.92 1.0 1.0 0.4 0.0 1.0
0.0 1.0 0.7980769230769231 0.0 0.0 0.6 0.0 1.0
1.0 0.8414458052136916 0.27230769230769225 0.0 0.0 0.4 0.0 1.0
1.0 0.4395215781297925 0.92 1.0 1.0 0.4 0.0 1.0
0.0 1.0 0.7980769230769231 0.0 0.0 0.6 0.0 1.0
1.0 0.8414458052136916 0.27230769230769225 0.0 0.0 0.4 0.0 1.0
1.0 0.5680043888871377 0.41134615384615386 0.0 0.0 0.4 0.0 0.0
1.0 0.5236298821980058 0.23461538461538461 0.0 0.0 0.4 0.0 1.0
1.0 0.5236298821980058 0.15076923076923077 0.0 0.0 0.4 0.0 1.0
1.0 0.7713449531233698 0.9976923076923077 1.0 1.0 0.2 0.0 0.0
1.0 0.44732673329636846 0.9530769230769232 1.0 1.0 0.8 0.0 1.0
1.0 0.6435634300788078 0.8869230769230769 1.0 1.0 1.0 0.0 1.0
0.0 0.5017966208147338 0.31153846153846154 0.5 0.0 0.4 0.0 1.0
0.0 0.4907798094583205 1.0 0.5 0.0 0.2 0.0 0.0
0.0 0.0 0.8292307692307692 0.5 0.0 0.0 0.0 0.0
1.0 0.5017966208147338 0.9607692307692306 1.0 1.0 0.4 0.0 0.0
0.0 0.7561455313473813 0.9653846153846154 0.0 1.0 1.0 0.0 1.0
0.0 0.6924579707952503 0.9653846153846154 1.0 1.0 0.8 0.0 0.0
0.0 0.5362994733713644 0.9992307692307691 1.0 1.0 0.0 0.0 0.0
1.0 0.5680043888871377 0.41134615384615386 0.0 0.0 0.4 0.0 1.0
1.0 0.5236298821980058 0.23461538461538461 0.0 0.0 0.4 0.0 1.0
1.0 0.5236298821980058 0.15076923076923077 0.0 0.0 0.4 0.0 1.0
1.0 0.5236298821980058 0.15076923076923077 0.0 0.0 0.4 0.0 1.0
1.0 0.4354648757391864 0.7684615384615385 1.0 1.0 0.2 0.0 1.0
1.0 0.8003964358812212 0.5763846153846154 0.0 0.0 0.2 0.0 0.0
1.0 0.4649384580601751 0.5763846153846154 0.0 0.0 0.4 0.0 0.0
1.0 0.7066308184996744 0.0 0.0 0.0 0.6 0.0 0.0
1.0 0.3711728406786284 0.0 0.0 0.0 0.4 0.0 1.0
1.0 0.4395215781297925 0.92 1.0 1.0 0.4 0.0 1.0
0.0 0.8414458052136916 0.27230769230769225 0.0 0.0 0.4 0.0 1.0
1.0 0.4354648757391864 0.7684615384615385 1.0 1.0 0.2 0.0 0.0
1.0 0.6670521279412436 0.8592307692307692 1.0 1.0 0.0 0.0 1.0
1.0 0.4354648757391864 0.7684615384615385 1.0 1.0 0.2 0.0 1.0
1.0 0.44732673329636846 0.9176923076923077 1.0 0.0 0.8 0.0 1.0
1.0 0.3488479513526308 0.9130769230769231 0.5 0.0 0.8 0.0 1.0
1.0 0.3692474845844256 0.8830769230769231 0.5 0.0 0.4 0.0 1.0
1.0 0.843136166249922 0.9815384615384615 1.0 1.0 0.6 0.0 1.0
0.0 0.5158999401395696 0.5636923076923076 0.0 0.0 0.4 0.0 1.0
1.0 0.6381052409774596 0.8507692307692307 0.5 0.0 0.6 0.0 1.0
0.0 0.7128575040270451 0.5134615384615384 0.0 0.0 0.4 0.0 0.0
0.0 0.5158999401395696 0.5636923076923076 0.0 0.0 0.4 0.0 1.0
1.0 0.6381052409774596 0.8507692307692307 0.5 0.0 0.6 0.0 1.0
1.0 0.48226130849849336 0.8376923076923077 0.0 0.0 0.4 0.0 1.0
1.0 0.4354648757391864 0.27230769230769225 0.0 1.0 0.2 0.0 1.0
1.0 0.5716824486823393 0.27230769230769225 1.0 1.0 0.4 0.0 0.0
1.0 0.48226130849849336 0.27230769230769225 0.0 1.0 0.4 0.0 1.0
1.0 0.6805961132380682 0.27230769230769225 0.0 0.0 0.2 0.0 1.0
1.0 0.44732673329636846 0.9176923076923077 1.0 0.0 0.8 0.0 1.0
1.0 0.3488479513526308 0.9130769230769231 0.5 0.0 0.8 0.0 1.0
1.0 0.3692474845844256 0.8830769230769231 0.5 0.0 0.4 0.0 1.0
1.0 0.6607530552794769 0.9207692307692307 0.0 1.0 0.4 0.0 1.0
1.0 0.6607530552794769 0.9207692307692307 0.0 1.0 0.4 0.0 1.0
1.0 0.7109163553751237 0.9207692307692307 1.0 1.0 0.8 0.0 1.0
1.0 0.7109163553751237 0.9207692307692307 1.0 1.0 0.8 0.0 1.0
1.0 0.7635897612330598 0.9207692307692307 1.0 1.0 0.4 0.0 1.0
1.0 0.7635897612330598 0.9207692307692307 1.0 1.0 0.4 0.0 1.0
1.0 0.6844795741736291 0.9207692307692307 0.5 1.0 0.6 0.0 1.0
1.0 0.6844795741736291 0.9207692307692307 0.5 1.0 0.6 0.0 1.0
1.0 0.6607530552794769 0.9207692307692307 0.0 1.0 0.4 0.0 1.0
1.0 0.7109163553751237 0.9207692307692307 1.0 1.0 0.8 0.0 1.0
0.0 0.8003964358812212 0.5763846153846154 0.0 0.0 0.2 0.0 1.0
0.0 0.4649384580601751 0.5763846153846154 0.0 0.0 0.4 0.0 1.0
0.0 0.7066308184996744 0.0 0.0 0.0 0.6 0.0 1.0
0.0 0.3711728406786284 0.0 0.0 0.0 0.4 0.0 0.0
1.0 0.44732673329636846 0.9176923076923077 1.0 0.0 0.8 0.0 1.0
1.0 0.3488479513526308 0.9130769230769231 0.5 0.0 0.8 0.0 1.0
1.0 0.3692474845844256 0.8830769230769231 0.5 0.0 0.4 0.0 1.0
1.0 0.44732673329636846 0.9176923076923077 1.0 0.0 0.8 0.0 1.0
1.0 0.3488479513526308 0.9130769230769231 0.5 0.0 0.8 0.0 1.0
1.0 0.3692474845844256 0.8830769230769231 0.5 0.0 0.4 0.0 1.0
1.0 0.4907798094583205 0.4384615384615384 0.0 1.0 0.2 0.0 0.0
1.0 0.3429839448379763 0.4384615384615384 1.0 1.0 0.0 0.0 0.0
0.0 0.4907798094583205 0.4384615384615384 0.0 1.0 0.2 0.0 1.0
0.0 0.8003964358812212 0.5763846153846154 0.0 0.0 0.2 0.0 0.0
0.0 0.4649384580601751 0.5763846153846154 0.0 0.0 0.4 0.0 0.0
0.0 0.7066308184996744 0.0 0.0 0.0 0.6 0.0 0.0
0.0 0.3711728406786284 0.0 0.0 0.0 0.4 0.0 0.0
1.0 0.4354648757391864 0.7684615384615385 1.0 1.0 0.2 0.0 1.0
1.0 0.4395215781297925 0.92 1.0 1.0 0.4 0.0 1.0
0.0 1.0 0.7980769230769231 0.0 0.0 0.6 0.0 1.0
0.0 0.8414458052136916 0.27230769230769225 0.0 0.0 0.4 0.0 1.0
